
	1111111111111111111111111111111111111111111111111111111111111111
	1111111111111111111111111111111111111111111111111111111111111111
	1111111111111111111111111111111111111111111111111111111111111111
	1111000000000000000000000000000000000000000000000000000000001111
	1110010000000000000000000000000000000000000000000000000000100111
	1110100000000000000000000000000000000000000000000000000000010111
	1110000000000000000000000000000000000000000000000000000000000111
	1110000000000000000000000000000000000000000000000000000000001111
	1110000000001111111111000000000000000000001111111110000000001111
	1110000000001111111111000000000000000000001111111110000000001111
	1110000000001111111111000000000000000000001111111110000000001111
	1110000000001111111111000000000000000000001111111110000000001111
	1110000000001111111111000000000000000000001111111110000000001111
	1110000000001111111111000000000000000000001111111110000000001111
	1110000000001111111111000000000000000000001111111110000000001111
	1110000000001111111111000000000000000000001111111110000000001111
	1110000000001111111111000000000000000000001111111110000000001111
	1110000000001111111111000000000000000000001111111110000000001111
	1110000000001111111111000000000000000000001111111110000000001111
	1110000000001111111111000000000000000000001111111110000000001111
	1110000000001111111111000000000000000000001111111110000000001111
	1110000000001111111111000000000000000000001111111110000000001111
	1110000000001111111111000000000000000000001111111110000000001111
	1110000000001111111111000000000000000000001111111110000000001111
	1110000000001111111111000000000000000000001111111110000000001111
	1110000000001111111111011111111111111111111111111110000000001111
	1110000000001111111111111111111111111111111111111110000000001111
	1110000000001111111111111111111111111111111111111110000000001111
	1110000000001111111111111111111111111111111111111110000000001111
	1110000000001111111111111111111111111111111111111110000000001111
	1110000000001111111111111111111111111111111111111110000000001111
	1110000000001111111111111111111111111111111111111110000000001111
	1110000000001111111111111111111111111111111111111110000000001111
	1110000000001111111111111111111111111111111111111110000000001111
	1110000000001111111111111111111111111111111111111110000000001111
	1110000000001111111111000000000000000000001111111110000000001111
	1110000000001111111111000000000000000000001111111110000000001111
	1110000000001111111111000000000000000000001111111110000000001111
	1110000000001111111111000000000000000000001111111110000000001111
	1110000000001111111111000000000000000000001111111110000000001111
	1110000000001111111111000000000000000000001111111110000000001111
	1110000000001111111111000000000000000000001111111110000000001111
	1110000000001111111111000000000000000000001111111110000000001111
	1110000000001111111111000000000000000000001111111110000000001111
	1110000000001111111111000000000000000000001111111110000000001111
	1110000000001111111111000000000000000000001111111110000000001111
	1110000000001111111111000000000000000000001111111110000000001111
	1110000000001111111111000000000000000000001111111110000000001111
	1110000000001111111111000000000000000000001111111110000000001111
	1110000000001111111111000000000000000000001111111110000000001111
	1110000000001111111111000000000000000000001111111110000000001111
	1110000000001111111111000000000000000000001111111110000000001111
	1110000000001111111111000000000000000000001111111110000000001111
	1110000000001111111111000000000000000000001111111110000000001111
	1110000000001111111111000000000000000000001111111110000000001111
	1110000000001111111111000000000000000000001111111110000000001111
	1110000000000000000000000000000000000000000000000000000000001111
	1110000000000000000000000000000000000000000000000000000000001111
	1110000000000000000000000000000000000000000000000000000000010111
	1110100000000000000000000000000000000000000000000000000000010111
	1111001111111111111111111111111111111111111111111111111111001111
	1111110000000000000000000000000000000000000000000000000000111111
	1111111111111111111111111111111111111111111111111111111111111111
	1111111111111111111111111111111111111111111111111111111111111111

