162 161 162 162 163 163 163 163 163 164 163 162 163 164 166 166 166 
165 165 165 165 165 165 165 165 166 165 165 166 167 168 167 167 
165 166 167 168 169 169 169 168 168 168 168 168 168 169 169 169 
170 169 169 169 169 169 169 170 170 169 169 169 169 170 171 172 
169 170 171 171 170 169 169 169 171 171 171 172 173 173 174 174 
173 173 173 173 173 173 173 173 173 172 172 172 173 173 173 172 
174 173 172 171 171 172 173 174 175 174 173 172 173 172 171 170 
173 173 174 174 174 174 173 172 174 174 173 173 173 173 174 174 
173 173 173 173 174 174 174 174 163 161 161 162 162 163 163 162 162 162 162 161 162 164 166 166 166 
165 165 165 165 165 165 165 165 165 165 165 166 167 168 168 167 
164 165 166 168 169 169 169 169 167 168 168 168 168 169 169 169 
170 169 169 169 169 169 169 170 171 170 170 170 171 172 173 174 
168 170 171 171 170 169 169 169 171 171 172 173 173 174 174 174 
173 173 173 173 173 173 173 173 173 172 172 172 173 173 172 172 
174 173 172 171 171 172 173 174 175 174 173 172 172 172 171 170 
173 174 174 174 174 173 172 171 174 174 173 172 172 173 174 174 
173 173 173 173 173 174 174 174 161 161 161 161 162 162 162 162 162 160 161 162 163 164 165 166 167 
164 164 165 166 166 166 166 165 165 165 165 166 167 167 165 164 
166 166 166 167 167 167 167 167 167 167 167 168 168 168 169 169 
171 171 171 170 170 170 170 170 169 169 168 169 170 171 171 170 
169 170 170 172 171 164 166 176 169 168 168 170 173 175 175 174 
172 174 175 172 168 167 171 175 172 172 172 173 173 173 172 172 
176 173 172 174 175 173 172 173 170 171 172 172 173 172 172 172 
173 173 173 173 174 174 174 174 173 173 173 173 173 173 173 173 
172 173 174 174 174 175 176 177 161 161 161 161 161 162 162 162 162 161 161 162 163 164 165 165 166 
164 164 165 166 166 166 165 165 165 165 165 166 167 167 165 164 
166 166 166 166 167 167 167 167 167 167 167 168 168 168 169 169 
170 170 170 170 170 170 170 170 169 169 168 169 170 171 170 170 
170 169 166 169 174 171 166 165 171 169 167 166 167 168 168 168 
169 170 172 173 174 173 171 170 172 172 172 172 172 172 172 172 
175 172 172 174 174 172 171 173 172 171 171 170 171 172 173 173 
173 173 173 173 174 174 174 174 173 173 173 173 173 173 173 173 
172 173 174 174 174 174 175 176 161 161 161 161 161 162 162 162 162 161 161 162 162 163 164 164 164 
164 164 165 165 165 165 165 165 165 165 165 166 166 166 165 164 
166 166 166 166 167 167 167 167 168 168 168 168 168 168 169 169 
169 169 169 170 170 170 171 171 169 169 168 169 170 170 170 169 
170 170 166 165 171 173 168 164 164 165 165 166 168 169 169 169 
170 168 168 170 173 174 171 169 171 171 171 171 172 172 173 173 
174 172 171 173 173 171 171 172 173 172 170 169 169 171 173 175 
173 173 173 173 174 174 174 174 172 172 172 172 172 172 172 172 
173 174 174 174 173 173 174 175 161 160 161 161 161 161 162 162 162 162 162 162 162 162 163 163 163 
163 164 164 164 165 165 165 165 166 165 165 165 166 166 165 164 
165 166 166 166 166 167 167 167 168 168 168 168 168 168 168 168 
168 168 168 169 170 170 171 171 170 169 168 169 170 170 169 169 
168 173 170 164 165 167 165 164 162 163 165 166 167 166 166 166 
173 170 167 166 167 169 171 171 171 171 170 171 171 172 172 173 
174 171 170 172 173 171 170 171 172 171 170 169 170 171 172 174 
172 172 173 173 173 173 174 174 172 172 172 172 172 172 172 172 
173 174 174 174 173 172 173 173 161 160 160 160 161 161 161 161 162 161 161 162 162 162 162 162 162 
163 163 163 163 164 164 164 165 166 165 164 164 165 165 165 164 
165 165 165 166 166 166 166 167 168 168 167 167 167 167 167 167 
167 167 168 168 169 170 170 170 170 169 168 169 169 169 169 168 
169 172 169 165 165 160 147 137 123 125 129 134 142 152 163 171 
167 169 172 171 168 168 170 172 171 170 170 170 170 171 172 172 
173 171 170 172 172 171 170 171 170 170 171 171 171 171 171 171 
172 172 172 172 172 173 173 173 172 172 172 172 172 172 172 172 
173 174 174 173 172 171 172 172 161 160 160 160 160 161 161 161 161 161 161 161 161 161 161 162 162 
163 163 163 163 163 163 164 164 166 165 164 164 164 165 165 165 
165 165 165 165 166 166 166 166 167 167 167 167 166 166 166 166 
167 167 168 168 168 169 169 169 170 169 168 168 169 169 168 167 
172 168 163 166 168 151 122 102 93 93 93 95 103 116 132 143 
148 156 167 172 171 169 168 169 172 171 170 169 169 170 171 171 
174 171 170 172 173 171 170 171 169 170 171 172 172 171 171 170 
170 171 171 171 171 171 172 172 172 172 172 172 172 172 172 172 
173 173 173 173 172 171 171 172 161 160 160 160 160 161 161 161 161 160 160 160 161 161 161 162 162 
163 163 162 162 162 163 164 164 166 165 163 163 164 165 165 165 
165 165 165 165 166 166 166 166 166 166 166 166 165 165 165 165 
168 168 168 168 168 168 168 168 170 169 168 168 169 169 168 167 
171 166 163 167 161 136 110 102 127 126 122 115 106 101 101 103 
126 134 145 156 162 166 168 169 172 171 170 169 168 169 169 170 
174 171 170 172 173 171 170 171 170 170 170 170 170 171 171 171 
169 169 170 170 170 170 171 171 171 171 171 171 171 171 171 171 
172 172 173 172 171 171 171 172 161 160 160 160 160 160 161 161 161 159 159 160 160 161 161 162 162 
163 162 162 162 162 163 164 164 166 165 163 163 164 165 165 165 
165 165 165 165 165 166 166 166 166 166 166 165 165 164 164 164 
168 168 168 168 168 167 167 167 170 169 168 168 169 168 168 167 
166 166 168 167 149 121 113 126 153 160 166 165 155 141 130 123 
113 115 122 133 147 160 168 171 173 172 170 168 168 168 169 169 
174 171 171 173 173 171 171 172 172 171 169 168 168 170 172 173 
169 169 169 169 169 170 170 170 171 171 171 171 171 171 171 171 
171 172 172 172 171 171 171 172 160 162 161 159 158 156 156 156 156 157 160 162 161 159 158 161 164 
159 159 160 161 161 161 160 160 163 164 165 166 167 167 167 167 
167 163 161 164 167 169 169 168 168 164 163 164 163 164 167 166 
167 165 164 165 168 169 169 169 168 170 172 171 168 166 164 163 
174 166 162 164 150 118 114 139 162 163 164 165 165 164 163 162 
154 140 123 117 127 146 161 167 169 168 170 172 169 165 166 170 
171 167 166 168 169 168 169 173 172 169 167 170 174 172 171 177 
171 158 168 171 168 170 167 172 172 172 172 172 171 171 171 170 
170 171 171 171 172 172 172 172 160 161 161 162 162 155 140 119 104 132 139 150 157 160 160 161 162 
166 166 165 165 164 163 163 162 169 166 162 160 161 161 161 161 
164 167 170 169 164 161 161 163 161 162 166 169 167 168 168 163 
167 166 166 166 166 165 163 162 167 165 162 162 164 169 173 176 
169 168 166 162 139 108 116 153 165 166 167 168 168 167 166 166 
161 158 149 139 138 147 157 162 166 164 163 165 166 165 167 171 
171 174 175 172 168 166 167 170 164 172 176 172 168 166 163 160 
159 162 177 170 164 171 166 165 172 171 171 171 171 171 171 171 
171 171 171 171 171 171 171 172 161 161 160 161 162 155 133 100 76 75 86 103 119 132 142 149 154 
153 153 153 153 154 156 158 159 162 161 160 162 164 167 168 168 
162 165 168 168 167 167 168 170 167 167 168 166 163 167 169 165 
162 164 165 167 166 166 165 165 170 167 164 163 165 167 168 167 
160 165 170 168 144 112 118 155 166 167 168 169 170 169 169 168 
167 173 171 159 151 154 158 159 167 165 165 168 170 169 168 169 
163 168 169 165 165 169 172 170 167 173 173 166 165 172 171 163 
167 162 165 155 156 170 171 176 170 170 171 171 171 171 171 171 
171 171 171 171 171 171 170 170 161 162 159 158 159 156 144 123 106 81 82 82 82 82 85 89 92 
105 107 112 119 128 138 146 150 146 150 154 157 157 157 159 160 
164 160 156 156 161 165 163 159 159 160 161 160 159 165 168 163 
167 168 169 169 168 167 167 167 166 167 169 170 169 166 162 159 
163 162 162 160 142 115 120 151 165 165 166 168 168 168 168 168 
167 172 171 165 163 163 157 147 135 134 132 132 134 141 151 159 
161 166 165 162 166 174 173 165 173 168 166 165 161 160 153 139 
131 112 106 107 128 153 160 172 169 170 170 170 170 171 171 171 
171 171 171 170 170 170 170 169 161 162 160 158 158 158 156 152 148 143 136 124 111 100 93 90 89 
84 83 82 81 81 82 83 84 106 113 122 127 131 137 147 156 
163 164 164 163 165 166 160 151 157 152 151 152 151 153 155 152 
162 161 161 161 161 162 162 162 156 154 152 151 152 156 161 164 
171 167 159 151 131 108 120 155 164 165 165 166 167 167 167 167 
168 166 165 167 168 159 137 117 92 92 90 85 86 97 115 129 
147 159 169 170 170 171 168 161 171 163 166 164 140 116 105 96 
94 89 83 75 105 149 159 165 169 169 169 170 170 170 170 171 
171 170 170 170 170 169 169 169 160 160 161 161 161 159 159 160 161 164 162 159 157 154 152 150 148 
143 139 132 123 113 104 97 93 76 78 79 79 80 85 94 101 
115 129 144 153 160 165 163 158 156 130 109 101 96 95 101 108 
122 124 128 136 145 152 155 155 147 135 119 110 112 124 136 144 
151 161 167 162 138 110 122 159 165 165 165 166 166 167 167 167 
168 163 164 168 160 136 109 94 107 116 124 121 112 105 100 99 
103 121 144 157 161 163 166 169 169 164 164 143 102 87 104 117 
132 139 116 74 95 153 170 170 169 169 169 169 169 169 170 170 
170 170 169 169 169 169 169 169 159 159 161 162 162 160 159 158 158 157 158 159 161 162 162 160 158 
158 158 158 157 156 153 151 149 139 132 122 112 103 90 76 66 
55 65 79 99 125 147 151 145 112 82 66 74 76 71 75 85 
72 72 77 86 96 100 97 92 80 64 48 47 60 73 78 76 
107 122 138 144 130 110 123 160 163 163 163 163 163 163 163 164 
164 161 164 161 135 104 100 114 150 161 172 173 165 150 131 117 
101 98 105 126 147 159 166 172 167 167 160 121 81 97 141 158 
160 149 116 81 106 154 164 167 169 169 169 169 169 169 169 168 
168 169 169 169 169 169 169 169 159 160 159 159 160 161 161 160 159 163 161 159 159 161 161 161 160 
159 160 162 163 163 161 158 156 157 151 146 145 141 124 96 73 
56 47 44 64 106 141 144 129 66 55 78 126 148 138 127 128 
125 121 118 117 114 104 88 75 57 48 48 68 97 113 105 92 
75 77 80 88 93 95 122 164 160 160 159 159 159 159 159 159 
158 158 161 150 112 83 107 152 162 163 162 162 167 173 171 166 
153 116 90 106 139 159 163 162 161 169 162 118 86 117 155 151 
138 106 85 100 150 174 162 170 170 169 169 169 168 168 168 168 
168 168 168 168 169 169 169 170 160 161 161 161 161 161 161 161 161 160 160 160 161 161 161 162 162 
164 162 158 157 160 163 161 156 155 147 131 106 87 81 74 61 
61 66 76 98 133 155 144 119 49 50 89 141 163 166 165 158 
161 165 162 156 161 163 142 112 73 59 54 72 122 155 148 150 
129 110 91 62 53 72 109 159 157 149 130 107 97 101 104 100 
106 109 110 98 75 70 108 156 167 164 161 165 171 171 168 171 
166 148 123 100 102 138 166 163 156 161 158 115 74 97 125 107 
80 96 123 148 162 166 169 173 169 169 169 169 169 169 169 169 
169 169 169 169 170 170 170 170 160 161 161 161 161 161 161 161 161 160 160 160 160 161 161 161 161 
162 161 159 158 160 161 156 149 114 89 70 65 66 71 82 91 
103 125 145 150 151 152 149 142 78 47 68 126 153 157 160 158 
159 166 167 161 160 162 156 145 107 96 80 71 111 164 169 161 
166 153 142 112 78 63 89 150 154 132 96 74 76 79 78 80 
82 79 66 54 50 53 77 113 151 163 170 170 166 162 163 170 
163 167 163 134 100 105 137 157 174 162 143 104 64 65 84 83 
130 145 162 171 170 167 166 167 169 169 169 169 169 169 169 169 
168 169 169 169 169 170 170 170 160 160 160 160 160 160 160 160 160 160 160 160 160 161 161 161 161 
159 160 160 160 161 159 152 144 89 52 35 50 67 77 98 120 
138 150 159 161 163 166 161 153 122 62 57 115 154 160 161 162 
162 166 168 165 162 162 163 163 146 141 121 77 82 138 163 160 
171 163 168 154 116 73 75 130 148 131 100 94 121 133 134 144 
134 129 93 65 65 62 68 95 154 162 163 163 168 171 167 164 
169 168 167 150 117 103 121 142 135 118 99 81 66 70 107 149 
158 167 172 170 168 170 170 168 168 168 168 168 168 168 168 168 
168 168 168 169 169 169 169 169 160 160 160 160 160 160 160 160 160 160 160 160 160 160 160 160 160 
158 160 161 161 161 159 153 146 110 77 59 66 68 60 63 73 
82 98 119 137 152 162 163 159 150 93 62 100 154 167 159 160 
169 164 163 166 168 164 159 157 167 166 158 108 74 101 140 167 
159 155 163 166 151 105 71 91 138 150 139 137 163 171 164 169 
158 157 112 70 68 61 62 90 143 157 162 162 167 173 173 170 
165 159 162 161 135 98 84 90 80 93 103 109 104 89 105 148 
158 163 162 158 162 171 173 168 168 168 168 168 168 168 168 168 
168 168 168 168 168 169 169 169 160 160 160 160 160 160 160 160 160 160 160 160 160 160 160 160 160 
159 161 161 160 160 161 158 154 158 144 135 130 121 109 100 94 
85 73 65 76 106 135 151 154 152 126 78 78 134 162 154 157 
168 162 161 166 168 165 161 161 163 156 162 136 89 73 101 153 
166 166 167 164 165 131 74 58 103 146 162 155 162 165 156 153 
160 154 102 60 60 53 49 73 101 135 162 167 161 157 159 164 
163 152 142 129 99 64 59 77 121 147 160 161 154 125 106 118 
146 159 169 168 166 168 168 165 168 168 168 168 168 168 168 168 
167 167 167 168 168 168 168 168 159 160 160 160 160 160 160 160 160 160 160 160 160 160 159 159 159 
160 161 161 159 159 162 162 160 154 156 158 156 153 155 155 147 
133 128 112 88 69 74 102 130 141 149 106 72 109 151 160 164 
161 162 164 165 163 160 162 166 169 157 163 157 122 75 65 110 
156 169 168 154 160 139 82 62 75 125 162 164 162 168 171 167 
161 136 85 59 73 74 64 73 60 78 104 135 161 168 158 151 
126 110 92 90 95 90 91 104 147 162 162 156 157 142 115 102 
115 137 162 173 169 164 166 170 168 168 168 168 168 168 168 168 
167 167 167 167 167 168 168 168 158 159 159 159 159 159 159 159 159 160 160 160 160 159 159 159 159 
159 161 161 159 159 161 162 160 160 159 161 159 158 161 162 157 
163 160 155 144 123 96 77 68 116 145 133 89 90 135 165 165 
159 162 165 163 159 152 141 132 156 160 166 164 154 107 66 87 
128 153 162 152 159 141 93 82 82 108 148 167 161 163 170 166 
166 133 97 101 133 147 142 143 124 99 80 92 118 124 108 95 
86 94 102 124 151 149 124 108 152 163 170 172 174 164 138 115 
102 109 127 149 161 163 166 171 167 167 167 167 167 167 167 167 
166 166 166 167 167 167 167 168 157 159 159 159 159 159 159 159 159 160 160 160 160 159 159 158 158 
158 161 161 159 158 159 159 158 163 156 155 160 160 159 158 157 
162 153 150 156 155 136 107 87 86 124 143 105 76 117 159 153 
162 163 162 162 160 146 112 81 93 126 140 138 150 123 74 80 
119 148 165 163 171 146 95 88 89 90 129 167 165 162 169 162 
160 125 102 118 148 162 161 160 161 127 86 65 62 66 83 105 
119 151 168 166 160 143 123 117 157 160 167 167 163 165 166 160 
126 105 100 123 151 162 162 161 167 167 167 167 167 167 167 167 
166 166 166 166 167 167 167 167 156 156 156 157 158 158 158 157 157 161 160 160 159 159 159 160 160 
160 160 160 161 161 161 161 161 158 163 158 142 130 131 136 138 
136 135 134 132 126 109 86 69 59 101 130 114 84 85 124 162 
160 163 162 159 160 152 108 55 57 61 69 79 85 81 70 60 
77 119 156 161 159 157 127 83 98 89 115 153 162 160 163 161 
160 140 113 111 140 167 167 156 160 137 93 55 58 99 142 161 
164 165 161 164 164 135 113 120 162 164 167 169 169 167 165 163 
165 136 104 96 114 139 154 159 162 163 167 170 168 164 164 168 
168 167 167 167 167 167 167 168 156 157 158 158 159 159 159 159 158 160 160 159 159 159 159 160 160 
160 160 160 160 161 161 161 161 160 154 133 103 82 77 79 81 
84 80 75 73 71 67 59 53 55 69 82 76 58 61 104 151 
162 163 162 157 158 158 137 107 95 91 86 83 81 78 73 69 
102 129 154 158 159 158 132 94 73 70 103 149 166 169 171 168 
166 155 131 113 118 138 156 166 162 127 77 54 81 131 160 163 
162 170 168 163 150 122 115 136 163 165 167 168 168 167 166 165 
162 164 152 122 93 94 127 160 163 163 161 160 164 169 167 160 
167 167 167 167 167 167 167 167 156 158 158 159 160 160 160 160 160 160 160 159 159 159 159 160 160 
160 160 160 160 161 161 161 161 160 153 137 116 106 110 119 123 
122 118 113 111 113 116 120 122 90 75 67 65 53 46 76 119 
161 162 163 161 159 162 162 155 161 156 150 144 142 144 147 149 
142 151 161 164 167 167 149 121 70 68 97 140 161 167 169 167 
163 167 156 134 118 116 124 134 129 95 56 52 95 148 170 166 
164 171 169 159 144 126 130 156 166 166 167 167 167 167 167 167 
167 173 170 151 123 105 105 111 143 157 166 165 166 171 170 164 
167 167 167 167 167 167 167 167 156 157 157 157 158 158 159 159 159 159 159 159 158 159 159 160 160 
159 160 160 160 160 161 161 161 163 162 157 150 149 155 159 160 
160 160 161 161 161 162 164 166 166 146 134 133 122 106 115 138 
158 158 164 167 162 160 165 168 159 160 160 160 159 161 165 168 
168 165 166 168 170 170 161 147 114 107 119 144 158 163 165 165 
162 169 166 155 144 133 124 121 117 103 86 86 113 148 166 166 
170 168 162 158 155 149 153 169 168 167 167 166 167 168 168 169 
172 165 161 165 166 148 114 85 105 130 157 168 165 161 165 171 
166 166 166 167 167 166 166 166 156 155 155 155 155 156 157 157 158 159 158 158 158 158 159 160 160 
159 159 159 160 160 160 160 161 158 159 159 158 158 160 158 155 
155 158 161 161 159 158 157 157 164 160 158 159 154 147 146 151 
159 156 161 167 163 159 161 165 164 167 169 168 164 161 160 161 
167 163 163 165 163 162 161 158 162 152 152 161 168 167 167 167 
167 168 163 160 164 164 160 159 152 154 151 146 147 155 162 164 
171 166 162 163 165 164 166 171 168 168 167 166 167 168 169 170 
169 166 164 166 165 157 143 130 95 98 117 144 158 158 159 166 
165 165 166 167 167 166 165 165 156 153 153 154 154 155 156 157 157 158 158 158 158 158 159 160 161 
159 159 159 159 160 160 160 160 158 158 158 158 160 162 163 163 
161 162 162 162 160 160 162 164 154 160 163 160 160 163 163 159 
163 157 158 163 162 161 164 166 166 167 168 166 163 162 163 165 
165 163 166 167 162 161 164 165 167 164 163 168 172 168 163 163 
167 170 167 165 166 166 166 169 166 170 172 171 168 165 164 164 
167 167 169 169 164 162 165 167 168 167 167 167 167 168 169 169 
167 167 168 167 164 162 162 162 130 104 91 113 147 165 165 161 
164 165 166 166 166 166 165 164 155 154 154 154 154 155 156 158 159 158 157 157 157 158 159 160 161 
159 159 159 159 160 160 160 160 165 163 161 159 157 156 157 158 
160 159 158 158 158 159 160 162 160 162 162 159 158 160 160 158 
164 160 161 163 162 164 166 164 160 161 162 162 163 165 168 171 
166 166 170 169 165 166 169 167 159 162 161 164 168 164 160 162 
163 168 170 168 166 159 154 155 159 159 160 164 167 167 166 165 
165 165 169 169 162 162 165 164 166 166 167 168 168 168 168 167 
167 165 165 168 172 172 166 160 161 139 111 102 122 151 164 162 
163 164 165 166 166 165 164 163 154 155 155 155 155 156 158 159 160 157 157 157 157 158 159 160 161 
159 159 159 159 159 160 160 160 156 158 160 162 162 161 162 164 
160 160 160 161 162 161 159 157 163 159 158 162 163 161 160 162 
161 162 167 168 165 165 164 158 164 165 166 166 166 164 162 161 
162 163 165 164 161 165 166 160 165 169 166 164 167 166 165 171 
164 164 161 163 168 169 167 169 173 168 165 165 165 164 164 165 
167 162 162 164 164 170 171 163 165 166 167 168 169 168 167 166 
165 168 170 168 164 162 164 167 160 166 145 103 90 119 150 160 
163 164 165 166 166 165 164 163 154 154 154 155 156 157 157 158 158 158 158 155 154 159 159 157 158 
160 160 159 159 159 159 160 160 160 160 160 160 160 160 159 159 
161 161 161 161 161 161 161 161 161 161 161 161 161 161 161 161 
162 162 162 162 162 162 162 162 161 161 162 164 165 165 165 164 
167 166 166 166 167 166 165 164 166 165 164 164 165 165 165 164 
167 167 167 166 165 165 164 164 166 166 166 166 166 166 166 166 
168 167 165 165 166 167 167 166 166 165 165 167 169 170 168 165 
167 168 170 169 167 165 164 164 164 162 170 148 99 94 134 160 
166 166 165 165 165 165 165 165 154 154 154 155 155 156 157 158 158 157 158 155 155 158 158 157 159 
160 159 159 159 159 159 159 160 160 160 160 160 160 160 159 159 
161 161 161 161 161 161 161 161 161 161 161 161 161 161 161 161 
162 162 162 162 162 162 162 162 161 161 162 163 165 165 164 163 
166 165 165 165 166 166 164 163 165 165 164 164 165 165 165 164 
167 166 166 166 165 165 165 165 166 166 166 166 166 166 166 166 
167 166 165 165 166 167 167 166 171 169 167 166 165 165 164 163 
164 164 164 163 162 164 167 169 165 162 164 161 136 104 111 145 
165 165 165 165 165 165 165 165 153 153 154 154 155 156 156 157 157 155 158 157 155 157 156 156 159 
159 159 159 158 158 159 159 159 159 159 159 159 159 159 160 160 
160 160 160 160 160 160 160 160 161 161 161 161 161 161 161 161 
162 162 162 162 162 162 162 162 162 161 162 163 164 164 164 163 
164 164 164 164 165 165 163 162 165 164 164 164 165 165 165 164 
166 166 166 165 165 165 165 165 166 166 166 166 166 166 166 166 
167 166 165 165 166 166 166 166 167 167 168 168 168 170 173 176 
169 168 167 166 165 164 165 166 164 163 155 163 155 100 88 143 
163 163 164 164 164 165 165 165 153 153 153 154 154 155 155 156 156 153 158 157 156 156 155 155 159 
159 159 158 158 158 158 159 159 159 159 159 159 159 159 160 160 
160 160 160 160 160 160 160 160 160 160 160 160 160 160 160 160 
161 161 161 161 161 161 161 161 162 161 161 162 163 164 163 162 
163 163 162 163 164 164 162 161 164 164 163 164 165 165 165 164 
165 165 165 165 165 165 165 165 166 166 166 166 166 166 166 166 
167 165 164 164 165 166 166 165 164 165 166 164 162 161 163 165 
160 161 164 167 168 167 165 163 164 172 169 172 155 94 80 139 
162 162 163 163 164 164 165 165 152 152 153 153 153 154 154 155 155 153 157 157 156 156 155 155 159 
158 158 157 157 157 157 158 158 158 158 158 159 159 159 160 160 
160 160 160 160 160 160 160 160 160 160 160 160 160 160 160 160 
161 161 161 161 161 161 161 161 162 161 161 161 162 163 162 162 
162 161 161 162 163 163 162 161 164 163 163 163 164 165 165 164 
165 165 165 165 165 165 165 165 166 166 166 166 166 166 166 166 
166 165 164 164 164 165 165 165 167 167 164 156 146 136 130 128 
140 140 142 146 151 153 154 154 157 151 133 115 91 66 85 136 
162 162 162 163 164 164 165 165 152 152 152 152 153 153 153 154 154 153 156 156 155 157 155 154 157 
158 157 157 157 157 157 157 158 157 158 158 158 159 159 160 160 
160 160 160 160 160 160 160 160 159 159 159 159 159 159 159 159 
160 160 160 160 160 160 160 160 162 161 160 160 161 162 162 161 
161 161 161 162 163 163 162 161 163 162 162 163 164 165 165 164 
165 165 165 165 165 164 164 164 166 166 166 166 166 166 166 166 
165 164 163 163 164 165 165 164 164 164 161 156 147 138 131 127 
115 108 100 94 92 93 94 94 81 70 60 56 64 93 138 172 
162 162 163 163 164 164 164 164 152 152 152 152 152 152 153 153 153 153 155 154 154 157 157 154 155 
157 157 157 156 156 157 157 157 157 157 158 158 159 159 160 160 
159 159 159 159 159 159 159 159 159 159 159 159 159 159 159 159 
160 160 160 160 160 160 160 160 162 161 160 160 160 161 161 161 
161 160 161 162 163 163 162 161 162 162 162 163 164 165 165 164 
165 165 165 165 164 164 164 163 166 166 166 166 166 166 166 166 
165 164 163 163 164 164 164 164 162 161 161 162 161 159 156 154 
147 139 129 120 115 112 109 106 94 96 103 115 130 144 152 153 
163 163 164 164 164 164 164 164 151 151 152 152 152 152 152 152 152 154 155 153 153 158 157 154 154 
157 157 156 156 156 156 157 157 157 157 157 158 159 159 160 160 
159 159 159 159 159 159 159 159 159 159 159 159 159 159 159 159 
160 160 160 160 160 160 160 160 162 161 160 159 160 161 161 161 
161 160 161 162 163 163 162 161 162 162 162 163 164 165 165 164 
166 166 165 165 164 163 163 163 166 166 166 166 166 166 166 166 
165 164 163 163 163 164 164 164 168 165 163 164 165 165 163 161 
163 161 161 163 165 163 159 154 159 161 158 159 167 168 164 165 
164 164 164 164 164 164 164 164 152 151 151 152 152 153 154 154 154 154 154 154 154 154 155 155 156 
156 155 154 154 154 155 157 158 158 156 157 159 159 157 158 160 
158 158 158 158 158 159 159 159 160 160 160 160 159 159 159 158 
158 158 159 159 160 161 161 162 161 160 159 159 159 159 160 161 
161 161 161 161 161 161 161 161 165 163 162 162 163 164 165 165 
163 164 165 165 164 164 164 164 167 164 164 166 166 163 163 165 
164 163 163 164 165 165 165 164 163 163 164 164 164 164 163 163 
165 164 162 162 162 163 162 162 163 163 163 163 163 162 162 162 
164 162 160 160 161 162 162 163 153 152 152 152 152 153 153 153 154 154 154 154 153 154 154 155 156 
156 155 154 154 154 155 156 157 158 156 156 159 159 157 157 159 
158 158 158 158 158 159 159 159 160 160 160 159 159 159 158 158 
158 159 159 159 160 160 161 161 161 160 160 159 159 160 160 161 
161 161 161 161 161 161 161 161 164 163 162 162 163 164 164 164 
163 164 165 165 164 163 163 164 166 164 163 165 165 162 162 164 
164 163 163 163 164 165 164 164 163 163 164 164 164 164 163 163 
164 163 162 162 162 163 163 162 163 163 163 163 162 162 162 162 
164 162 160 160 161 162 162 162 153 152 152 152 152 152 153 153 153 154 153 153 153 153 154 155 155 
155 155 154 153 154 155 156 157 157 156 156 158 158 157 157 159 
157 157 157 158 158 158 158 159 159 159 159 159 159 158 158 158 
159 159 159 159 159 159 160 160 161 160 160 160 160 160 160 161 
161 161 161 161 161 161 161 161 162 161 161 161 162 163 163 163 
162 163 164 164 163 163 163 163 164 163 162 164 164 162 162 163 
163 162 162 163 164 164 164 163 163 163 164 164 164 164 163 163 
163 162 161 161 162 163 163 163 163 163 163 163 162 162 162 162 
163 162 160 160 161 162 162 162 153 152 152 152 152 152 152 152 152 153 153 153 152 153 153 154 155 
154 154 154 153 154 154 155 156 157 155 155 157 158 156 156 158 
156 156 157 157 158 158 158 158 158 158 158 158 158 158 158 158 
160 160 160 159 159 159 159 158 160 160 160 160 160 160 160 160 
160 160 160 160 160 160 160 160 161 160 160 160 161 162 162 161 
161 162 163 163 163 162 162 162 162 162 162 162 162 161 161 162 
162 162 161 162 163 163 163 163 163 163 163 163 163 163 163 163 
162 161 161 161 162 163 163 163 163 163 163 162 162 162 162 161 
163 161 160 160 161 161 162 161 152 152 152 152 152 152 152 152 152 153 152 152 152 152 153 154 154 
154 153 153 153 153 154 155 155 156 154 154 156 157 155 155 157 
155 155 156 156 157 158 158 158 158 158 158 158 158 158 158 158 
160 160 159 159 159 158 158 158 159 159 159 160 160 159 159 159 
160 160 160 160 160 160 160 160 160 159 159 160 161 161 161 160 
160 161 163 163 162 161 161 162 160 161 161 161 161 161 161 161 
161 161 161 161 162 163 162 162 162 162 162 162 162 162 162 162 
162 161 160 161 162 163 163 163 163 162 162 162 162 161 161 161 
162 161 160 160 161 161 161 161 151 151 151 151 152 152 152 152 152 152 152 152 151 152 152 153 154 
153 153 153 153 153 154 154 154 155 153 153 156 156 154 154 157 
154 155 155 156 157 157 158 158 157 157 157 157 157 158 158 158 
160 159 159 159 158 158 158 158 158 158 159 159 159 159 158 158 
159 159 159 159 159 159 159 159 159 159 159 160 161 161 160 159 
160 161 162 162 161 160 160 161 159 161 161 160 160 162 162 160 
161 160 160 160 161 162 162 161 162 161 161 161 161 161 161 162 
162 161 160 160 161 162 162 162 162 162 162 162 161 161 161 161 
161 161 160 160 161 161 161 160